300.20
290.01
283.99
278.92
271.77
268.85
265.28
263.95
259.05
258.17
257.20
241.52
219.59
209.45
202.36
197.73
194.22
190.32
181.49
175.20
171.33
168.34
163.97
149.90
147.59
143.19
139.76
138.66
138.64
137.95
133.72
129.44
124.06
123.10
116.84
110.82
110.10
106.22
105.03
101.18
100.50
100.06
99.44
97.25
96.20
96.17
92.30
77.98
71.19
68.11
63.82
61.80
57.33
52.39
44.14
37.05
35.17
34.73
34.71
34.05
30.12
25.53
20.70
20.57
19.40
17.15
13.05
10.80
10.52
7.84
-14.84
-15.76
-19.54
-21.60
-23.94
-35.36
-35.43
-36.35
-37.63
-39.01
-40.83
-49.32
-50.55
-51.27
-59.04
-62.61
-64.74
-65.29
-79.67
-83.77
-84.05
-84.89
-86.50
-90.22
-91.07
-91.85
-92.78
-92.83
-95.05
-98.27
